timetest

matvecmult_summation =

   1.0e-03 *

    0.0160    0.5186    0.0255    0.3258    0.2034    0.6749
    0.0052    0.0255    0.0132    0.0391    0.1483    0.6141
    0.0024    0.0077    0.0145    0.0406    0.2000    0.6202
    0.0013    0.0051    0.0155    0.0242    0.1287    0.7524
    0.0027    0.0048    0.0137    0.0212    0.1776    0.7406


sparse_matvecmult_summation =

    0.0000    0.0000    0.0000    0.0000    0.0000    0.0000
    0.0000    0.0000    0.0000    0.0000    0.0002    0.0003
    0.0000    0.0000    0.0000    0.0000    0.0001    0.0006
    0.0000    0.0000    0.0000    0.0000    0.0002    0.0009
    0.0000    0.0000    0.0000    0.0000    0.0002    0.0013


dense_vs_sparse =

   1.0e-03 *

    0.0128    0.5064    0.0194    0.3149    0.1931    0.6454
    0.0019    0.0202   -0.0005    0.0051   -0.0223    0.2922
    0.0004    0.0044   -0.0054    0.0015    0.0633    0.0374
   -0.0023    0.0007   -0.0146   -0.0156   -0.0577   -0.1661
    0.0008    0.0011   -0.0213   -0.0185   -0.0438   -0.5487

------------

timetest

matvecmult_summation =

   1.0e-03 *

    0.0345    0.0440    0.0178    0.1312    0.1819    0.5832
    0.0113    0.0088    0.0213    0.0388    0.1176    0.7089
    0.0036    0.0128    0.0257    0.1463    0.1140    0.6792
    0.0048    0.0206    0.0209    0.0857    0.1260    0.8183
    0.0081    0.0058    0.0152    0.0407    0.1911    0.8377


sparse_matvecmult_summation =

    0.0000    0.0000    0.0000    0.0000    0.0000    0.0000
    0.0000    0.0000    0.0000    0.0000    0.0001    0.0004
    0.0001    0.0000    0.0000    0.0001    0.0001    0.0006
    0.0000    0.0000    0.0000    0.0000    0.0002    0.0011
    0.0000    0.0000    0.0000    0.0000    0.0003    0.0034


dense_vs_sparse =

    0.0000    0.0000    0.0000    0.0001    0.0002    0.0006
    0.0000    0.0000    0.0000    0.0000    0.0001    0.0003
   -0.0001    0.0000    0.0000    0.0001   -0.0000    0.0001
    0.0000    0.0000    0.0000    0.0000   -0.0001   -0.0002
    0.0000    0.0000   -0.0000    0.0000   -0.0001   -0.0025

------------

timetest

matvecmult_summation =

   1.0e-03 *

    0.0103    0.6368    0.0594    0.1467    0.2652    0.6134
    0.0023    0.1097    0.0262    0.0769    0.1398    0.5471
    0.0029    0.0832    0.0295    0.0344    0.1090    0.5863
    0.0014    0.0331    0.0421    0.0784    0.1620    0.6029
    0.0334    0.0507    0.0212    0.0410    0.1748    0.8141


sparse_matvecmult_summation =

    0.0000    0.0000    0.0000    0.0000    0.0000    0.0000
    0.0000    0.0000    0.0000    0.0000    0.0001    0.0003
    0.0000    0.0000    0.0000    0.0001    0.0001    0.0007
    0.0000    0.0000    0.0000    0.0001    0.0002    0.0008
    0.0000    0.0000    0.0000    0.0000    0.0003    0.0013


dense_vs_sparse =

   1.0e-03 *

    0.0077    0.6311    0.0520    0.1302    0.2509    0.5998
    0.0003    0.1040    0.0090    0.0537    0.0743    0.2009
    0.0005    0.0766    0.0115   -0.0460   -0.0125   -0.0766
   -0.0048    0.0273    0.0225   -0.0056   -0.0031   -0.2135
    0.0229    0.0425   -0.0204   -0.0039   -0.0820   -0.4655
